[
    44950964928, 24875884919, 77654970458, 47832324346, 26918722528, 39426411118, 17289537859, 32919745343, 98320971650, 77094960707, 
    82654819323, 68419823854, 21053368254, 73064601088, 25922634477, 43138533752, 53176472149, 84147387395, 75410747382, 76030652723, 
    87555787578, 73440838206, 32536225668, 33918387012, 28392794752, 21354283624, 12003294535, 90133128467, 10262498648, 10067422873, 
    66660031323, 40175050760, 66860605858, 73372879389, 85042438084, 28532446747, 22991451528, 49387465313, 10143543875, 48144057553, 
    62953482187, 64168483816, 87224480404, 90324805330, 58378774515, 72707835932, 88104703653, 93011009541, 27205239309, 75174613216, 
    43924660021, 43294965165, 89082520952, 59591587622, 20195454150, 87284615239, 78437270885, 90167325194, 26853249428, 55458707899, 
    32684908430, 69141172747, 80206796586, 92455379063, 32093681840, 62634722097, 50617938940, 68509316718, 73925070303, 41564056365, 
    69288074334, 39239708324, 11246245239, 81339401336, 54770415572, 77653416823, 95676077530, 52093440668, 56231015602, 81950168929, 
    14296281794, 91923796817, 28960868641, 73772011716, 74384182783, 25306104130, 59873660456, 76467783902, 85232142501, 17619292454, 
    29410511679, 46683434171, 44296161981, 96627667286, 51927730233, 52372739979, 97499963122, 26548721234, 83609667685, 37147466902, 
    13027968421, 56098111513, 98432463108, 70012931342, 60221056099, 10527851723, 75378685865, 55872877889, 22234859688, 92380856913, 
    12280396868, 66918274577, 16293496951, 66337974657, 17960900968, 15510244433, 97972637109, 97775556119, 65374142966, 97150194399, 
    24413022921, 11726952949, 62401120244, 68277756334, 40050752883, 62247863599, 90433970635, 57654093380, 65116039391, 56464431962, 
    50162342120, 45622528917, 94438702780, 71125104155, 93475736719, 25873127796, 58489927416, 55191415832, 56482381055, 90358167758, 
    79041623143, 90479263920, 86523861778, 59570943681, 17574618959
]
